2.30530019157119e-01,-2.30530019157119e-01,-3.87868386000994e-01,3.87868386000994e-01,1.20131165789521e-01,-1.20131165789521e-01,-4.22061281009471e-01,4.22061281009471e-01,3.22252701287509e-01,-3.22252701287510e-01
3.87868386115980e-01,3.87868386115979e-01,-3.22252701296922e-01,-3.22252701296921e-01,2.30530019105947e-01,2.30530019105946e-01,-1.20131165814390e-01,-1.20131165814390e-01,4.22061280917487e-01,4.22061280917488e-01
4.22061281033290e-01,-4.22061281033290e-01,1.20131165822855e-01,-1.20131165822855e-01,3.22252701153238e-01,-3.22252701153237e-01,3.87868386060871e-01,-3.87868386060871e-01,2.30530019183092e-01,-2.30530019183092e-01
3.22252701355104e-01,3.22252701355106e-01,4.22061280982396e-01,4.22061280982395e-01,3.87868385972611e-01,3.87868385972611e-01,2.30530019091200e-01,2.30530019091201e-01,-1.20131165921459e-01,-1.20131165921460e-01
1.20131165961982e-01,-1.20131165961985e-01,2.30530019193552e-01,-2.30530019193552e-01,4.22061280964063e-01,-4.22061280964063e-01,-3.22252701247463e-01,3.22252701247463e-01,-3.87868386008607e-01,3.87868386008608e-01
-1.20131165771253e-01,-1.20131165771250e-01,-2.30530019193930e-01,-2.30530019193931e-01,4.22061280928086e-01,4.22061280928085e-01,-3.22252701243806e-01,-3.22252701243806e-01,-3.87868386109644e-01,-3.87868386109645e-01
-3.22252701179634e-01,3.22252701179632e-01,-4.22061280977758e-01,4.22061280977758e-01,3.87868386146463e-01,-3.87868386146464e-01,2.30530019097171e-01,-2.30530019097171e-01,-1.20131165835680e-01,1.20131165835681e-01
-4.22061280887235e-01,-4.22061280887235e-01,-1.20131165819804e-01,-1.20131165819805e-01,3.22252701397986e-01,3.22252701397988e-01,3.87868386062399e-01,3.87868386062399e-01,2.30530019107385e-01,2.30530019107384e-01
-3.87868386011287e-01,3.87868386011287e-01,3.22252701290556e-01,-3.22252701290556e-01,2.30530019183195e-01,-2.30530019183197e-01,-1.20131165818660e-01,1.20131165818659e-01,4.22061280975151e-01,-4.22061280975149e-01
-2.30530019102480e-01,-2.30530019102480e-01,3.87868385991379e-01,3.87868385991379e-01,1.20131165968940e-01,1.20131165968942e-01,-4.22061281015337e-01,-4.22061281015336e-01,3.22252701263604e-01,3.22252701263602e-01
